"Site","Tree","Length","Width","L Syc","L Ovary","R Syc","R Ovary","Ostiole"
70,"1A",1.456,1.194,0.106,0.219,0.136,0.183,0.158
70,"1A",1.331,1.123,0.167,0.168,0.144,0.161,0.101
70,"1A",1.708,1.424,0.188,0.205,0.153,0.251,0.215
70,"1A",1.354,1.238,0.165,0.209,0.128,0.213,0.11
70,"1B",1.045,0.988,0.101,0.141,0.125,0.145,0.104
70,"1B",1.096,1.147,0.091,0.212,0.11,0.207,0.1
70,"1B",1.124,0.932,0.097,0.144,0.127,0.164,0.129
70,"1B",1.158,1.101,0.108,0.187,0.098,0.157,0.198
70,"1B",0.938,0.935,0.088,0.166,0.096,0.133,0.038
70,"1B",1.034,1.009,0.107,0.137,0.114,0.106,0.085
70,"1B",0.981,0.862,0.109,0.137,0.069,0.128,0.159
70,"4",1.355,1.324,0.175,0.135,0.166,0.147,0.147
70,"4",1.075,1.267,0.103,0.205,0.149,0.165,0.127
70,"4",1.144,1.318,0.149,0.178,0.145,0.152,0.086
70,"4",1.389,1.382,0.192,0.163,0.201,0.18,0.153
70,"4",1.256,1.332,0.215,0.158,0.194,0.127,0.086
70,"4",1.447,1.447,0.187,0.177,0.208,0.21,0.168
70,"4",1.175,1.332,0.169,0.146,0.203,0.14,0.066
70,"4",1.098,1.149,0.17,0.147,0.164,0.125,0.122
70,"8",1.265,1.072,0.175,0.154,0.149,0.158,0.129
70,"8",1.428,1.342,0.162,0.168,0.218,0.136,0.098
70,"8",1.519,1.283,0.183,0.185,0.208,0.147,0.221
70,"8",1.423,1.459,0.195,0.21,0.188,0.184,0.203
70,"8",1.182,1.127,0.158,0.162,0.151,0.16,0.072
70,"8",1.14,0.987,0.116,0.125,0.124,0.114,0.126
70,"8",1.134,1.236,0.156,0.113,0.184,0.084,0.097
70,"8",1.475,1.344,0.179,0.139,0.189,0.15,0.168
70,"8",1.13,0.999,0.133,0.131,0.152,0.146,0.162
70,"8",1.406,1.259,0.161,0.191,0.139,0.18,0.191
70,"8",1.396,1.463,0.231,0.133,0.216,0.163,0.15
70,"8",1.342,1.237,0.151,0.197,0.133,0.258,0.101
70,"8",1.248,1.258,0.15,0.183,0.15,0.158,0.128
70,"8",1.561,1.455,0.177,0.173,0.199,0.192,0.139
70,"8",1.299,1.178,0.186,0.137,0.144,0.166,0.195
70,"8",1.208,1.147,0.169,0.16,0.172,0.144,0.119
70,"8",1.25,1.164,0.162,0.177,0.165,0.147,0.115
70,"8",1.544,1.239,0.18,0.194,0.156,0.197,0.109
70,"58",1.514,1.24,0.204,0.163,0.208,0.143,0.101
70,"58",1.957,1.615,0.315,0.239,0.185,0.266,0.182
70,"58",1.233,1.238,0.206,0.134,0.188,0.152,0.098
70,"58",1.41,1.463,0.257,0.151,0.207,0.14,0.156
70,"58",1.508,1.143,0.168,0.155,0.162,0.152,0.191
70,"58",1.368,1.136,0.195,0.125,0.207,0.113,0.184
70,"58",1.531,1.306,0.217,0.142,0.18,0.132,0.162
70,"58",1.539,1.362,0.172,0.178,0.16,0.135,0.184
70,"58",1.963,1.515,0.254,0.185,0.292,0.175,0.224
70,"58",1.889,1.798,0.293,0.185,0.262,0.18,0.094
70,"58",1.862,1.414,0.155,0.192,0.216,0.138,0.211
70,"58",1.701,1.33,0.183,0.181,0.163,0.135,0.149
70,"58",1.173,1.034,0.174,0.108,0.146,0.119,0.164
70,"58",1.148,1.105,0.151,0.129,0.178,0.128,0.082
70,"58",1.14,1.211,0.197,0.154,0.225,0.126,0.121
70,"58",1.484,1.117,0.206,0.155,0.235,0.139,0.124
70,"58",1.068,0.937,0.142,0.144,0.159,0.134,0.075
70,"58",1.881,1.419,0.372,0.175,0.264,0.182,0.111
70,"58",1.451,1.299,0.215,0.13,0.231,0.168,0.226
70,"58",1.362,1.396,0.231,0.152,0.164,0.156,0.152
70,"58",2.01,1.597,0.271,0.174,0.256,0.186,0.312
70,"58",1.794,1.486,0.222,0.153,0.191,0.163,0.297
70,"58",1.816,1.52,0.272,0.296,0.261,0.193,0.165
70,"58",1.578,1.51,0.223,0.193,0.209,0.162,0.227
70,"58",0.934,0.787,0.102,0.134,0.124,0.111,0.153
70,"58",2.406,1.492,0.232,0.267,0.228,0.274,0.171
70,"58",1.322,1.27,0.163,0.159,0.192,0.124,0.199
70,"58",1.088,1.033,0.186,0.137,0.124,0.138,0.085
70,"58",1.097,1.077,0.142,0.141,0.161,0.151,0.114
70,"58",1.1,0.956,0.157,0.107,0.182,0.103,0.154
70,"58",1.273,1.264,0.215,0.101,0.199,0.131,0.107
70,"58",1.578,1.461,0.219,0.176,0.19,0.143,0.206
70,"58",1.222,1.058,0.152,0.097,0.165,0.136,0.04
70,"58",1.286,1.072,0.181,0.09,0.151,0.098,0.145
70,"58",1.385,1.159,0.218,0.088,0.172,0.092,0.214
70,"58",1.349,1.247,0.205,0.121,0.186,0.143,0.181
70,"58",1.338,0.929,0.166,0.108,0.153,0.109,0.229
70,"58",1.403,1.37,0.249,0.087,0.145,0.123,0.153
70,"58",1.366,1.022,0.16,0.119,0.196,0.157,0.147
70,"58",1.405,1.361,0.243,0.124,0.17,0.168,0.165
70,"59",1.571,1.145,0.169,0.184,0.196,0.165,0.132
70,"59",1.277,0.856,0.132,0.147,0.125,0.165,0.23
70,"59",1.536,1.224,0.228,0.153,0.168,0.23,0.235
70,"59",1.511,1.315,0.177,0.179,0.167,0.2,0.135
70,"59",1.135,0.904,0.161,0.11,0.127,0.119,0.104
70,"59",1.408,1.119,0.178,0.128,0.187,0.121,0.257
70,"59",1.317,1.028,0.159,0.121,0.177,0.115,0.193
70,"59",1.526,1.175,0.18,0.131,0.221,0.139,0.209
70,"59",1.209,0.969,0.13,0.123,0.169,0.11,0.143
70,"59",1.563,1.029,0.147,0.12,0.169,0.092,0.211
70,"59",1.593,1.197,0.181,0.158,0.225,0.158,0.215
70,"59",1.655,1.341,0.201,0.158,0.222,0.178,0.202
70,"59",1.999,1.41,0.209,0.171,0.223,0.151,0.122
70,"59",1.39,1.099,0.196,0.124,0.186,0.135,0.084
70,"59",1.253,1.029,0.182,0.134,0.119,0.151,0.185
70,"59",1.257,1.028,0.196,0.121,0.143,0.295,0.151
70,"59",1.984,1.557,0.233,0.157,0.263,0.178,0.148
70,"59",1.826,1.26,0.178,0.215,0.177,0.193,0.247
70,"59",2.045,1.43,0.199,0.199,0.264,0.19,0.289
70,"59",1.963,1.519,0.161,0.196,0.271,0.202,0.269
70,"59",1.22,0.972,0.182,0.103,0.164,0.128,0.116
70,"59",1.493,1.239,0.216,0.101,0.254,0.148,0.089
70,"59",1.479,1.118,0.209,0.123,0.198,0.129,0.174
70,"59",1.777,1.362,0.243,0.196,0.238,0.172,0.187
70,"59",1.377,1.21,0.194,0.146,0.247,0.131,0.098
70,"59",1.535,1.241,0.2,0.143,0.233,0.133,0.108
70,"59",2.005,1.435,0.243,0.157,0.23,0.141,0.201
70,"59",1.946,1.518,0.267,0.169,0.272,0.136,0.255
70,"59",1.616,1.209,0.176,0.149,0.222,0.131,0.14
70,"59",1.74,1.354,0.262,0.181,0.206,0.167,0.12
70,"59",1.934,1.436,0.218,0.246,0.254,0.211,0.195
70,"59",1.546,1.247,0.197,0.158,0.243,0.194,0.101
70,"59",1.393,1.185,0.126,0.151,0.181,0.141,0.108
70,"59",1.292,1.042,0.184,0.146,0.193,0.111,0.081
70,"59",1.278,0.939,0.113,0.105,0.135,0.1,0.159
70,"59",1.456,1.194,0.106,0.219,0.136,0.183,0.158
70,"59",1.331,1.123,0.167,0.168,0.144,0.161,0.101
70,"59",1.708,1.424,0.188,0.205,0.153,0.251,0.215
70,"59",1.354,1.238,0.165,0.209,0.128,0.213,0.11
70,"59",1.291,1.093,0.112,0.202,0.12,0.174,0.098
70,"59",1.397,1.156,0.159,0.22,0.177,0.221,0.207
70,"59",1.045,0.988,0.101,0.141,0.125,0.145,0.104
70,"59",1.096,1.147,0.091,0.212,0.11,0.207,0.1
70,"59",1.124,0.932,0.097,0.144,0.127,0.164,0.129
70,"59",1.158,1.101,0.108,0.187,0.098,0.157,0.198
70,"59",1.266,1.011,0.163,0.111,0.142,0.138,0.149
70,"59",1.11,0.769,0.101,0.107,0.121,0.065,0.102
70,"59",1.215,0.812,0.149,0.089,0.123,0.061,0.188
70,"59",1.091,0.819,0.127,0.117,0.16,0.089,0.125
70,"59",1.487,1.13,0.175,0.107,0.197,0.097,0.18
70,"59",1.55,1.051,0.231,0.102,0.121,0.183,0.209
70,"59",1.463,1.044,0.128,0.141,0.193,0.134,0.142
70,"59",1.424,1.175,0.199,0.143,0.18,0.156,0.105
70,"85",1.246,1.018,0.157,0.105,0.138,0.13,0.232
70,"85",1.695,1.302,0.144,0.127,0.21,0.132,0.224
70,"85",1.365,0.983,0.105,0.105,0.14,0.102,0.178
70,"85",1.251,1.059,0.104,0.117,0.129,0.138,0.19
70,"85",1.108,1.041,0.131,0.127,0.143,0.147,0.112
70,"85",0.963,0.783,0.102,0.187,0.104,0.141,0.051
70,"85",0.831,0.718,0.084,0.13,0.131,0.109,0.13
70,"85",1.154,1.003,0.124,0.128,0.129,0.105,0.102
70,"85",1.304,0.952,0.101,0.15,0.136,0.167,0.088
70,"85",1.689,1.349,0.193,0.248,0.143,0.221,0.205
70,"85",1.095,1.13,0.117,0.179,0.168,0.123,0.205
70,"85",1.054,1.031,0.165,0.178,0.138,0.137,0.136
70,"56",0.95,0.892,0.137,0.139,0.136,0.193,0.075
96,"63A",1.16,1.419,0.201,0.154,0.155,0.187,0.154
96,"63A",1.072,1.252,0.186,0.177,0.2,0.171,0.16
96,"63A",1.175,1.126,0.126,0.136,0.131,0.114,0.199
96,"63A",1.153,1.332,0.083,0.21,0.174,0.13,0.093
96,"63A",1.153,1.353,0.225,0.225,0.169,0.192,0.161
96,"63A",1.252,1.168,0.129,0.159,0.142,0.148,0.164
96,"63A",1.102,1.339,0.138,0.184,0.161,0.155,0.099
96,"63A",0.952,1.106,0.141,0.165,0.118,0.157,0.112
96,"63A",1.311,1.239,0.18,0.172,0.162,0.191,0.191
96,"63A",1.282,1.222,0.143,0.125,0.179,0.167,0.284
96,"126",1.745,1.476,0.197,0.156,0.183,0.25,0.211
96,"126",1.561,1.369,0.144,0.142,0.122,0.249,0.18
96,"126",1.675,1.637,0.248,0.208,0.156,0.195,0.182
96,"126",1.717,1.524,0.176,0.147,0.195,0.128,0.204
96,"126",1.604,1.338,0.126,0.183,0.122,0.167,0.208
96,"126",1.685,1.611,0.161,0.187,0.216,0.245,0.219
96,"126",1.745,1.476,0.197,0.156,0.183,0.25,0.211
96,"126",1.561,1.369,0.144,0.142,0.122,0.249,0.18
96,"126",1.675,1.637,0.248,0.208,0.156,0.195,0.182
96,"126",1.717,1.524,0.176,0.147,0.195,0.128,0.204
96,"126",1.604,1.338,0.126,0.183,0.122,0.167,0.208
96,"126",1.685,1.611,0.161,0.187,0.216,0.245,0.219
96,"126",1.542,1.497,0.137,0.208,0.218,0.241,0.253
96,"126",1.789,1.685,0.246,0.198,0.219,0.236,0.334
96,"126",2.039,1.895,0.228,0.23,0.236,0.207,0.283
96,"126",1.507,1.472,0.211,0.254,0.186,0.237,0.247
96,"126",1.748,1.654,0.305,0.235,0.232,0.219,0.227
96,"126",2.087,1.864,0.213,0.193,0.226,0.147,0.275
96,"126",1.655,1.616,0.232,0.161,0.198,0.19,0.286
96,"126",1.639,1.558,0.16,0.146,0.202,0.16,0.204
96,"126",1.918,1.868,0.256,0.209,0.225,0.231,0.319
96,"126",1.593,1.587,0.223,0.168,0.24,0.185,0.225
96,"126",1.687,1.568,0.191,0.25,0.174,0.182,0.212
96,"126",1.946,1.917,0.234,0.282,0.235,0.195,0.308
96,"126",1.542,1.497,0.137,0.208,0.218,0.241,0.253
96,"126",1.789,1.685,0.246,0.198,0.219,0.236,0.334
96,"126",2.039,1.895,0.228,0.23,0.236,0.207,0.283
96,"126",1.507,1.472,0.211,0.254,0.186,0.237,0.247
96,"126",1.748,1.654,0.305,0.235,0.232,0.219,0.227
96,"126",2.087,1.864,0.213,0.193,0.226,0.147,0.275
96,"126",1.655,1.616,0.232,0.161,0.198,0.19,0.286
96,"126",1.639,1.558,0.16,0.146,0.202,0.16,0.204
96,"126",1.918,1.868,0.256,0.209,0.225,0.231,0.319
96,"126",1.593,1.587,0.223,0.168,0.24,0.185,0.225
96,"126",1.687,1.568,0.191,0.25,0.174,0.182,0.212
96,"126",1.946,1.917,0.234,0.282,0.235,0.195,0.308
96,"127",0.906,1.177,0.129,0.178,0.111,0.187,0.151
96,"127",0.879,1.149,0.097,0.166,0.116,0.204,0.135
96,"127",1.239,1.387,0.169,0.155,0.156,0.235,0.174
96,"127",1.272,1.371,0.158,0.183,0.167,0.205,0.172
96,"127",1.165,1.175,0.154,0.192,0.16,0.135,0.176
96,"127",1.185,1.168,0.167,0.125,0.128,0.209,0.2
96,"127",0.906,1.177,0.129,0.178,0.111,0.187,0.151
96,"127",0.879,1.149,0.097,0.166,0.116,0.204,0.135
96,"127",1.239,1.387,0.169,0.155,0.156,0.235,0.174
96,"127",1.272,1.371,0.158,0.183,0.167,0.205,0.172
96,"127",1.165,1.175,0.154,0.192,0.16,0.135,0.176
96,"127",1.185,1.168,0.167,0.125,0.128,0.209,0.2
96,"127",1.011,1.116,0.122,0.178,0.168,0.169,0.145
96,"127",0.994,1.127,0.136,0.152,0.153,0.12,0.182
96,"127",1.093,1.097,0.149,0.159,0.149,0.176,0.192
96,"127",1.066,1.093,0.15,0.168,0.137,0.223,0.148
96,"127",0.965,1.1,0.128,0.16,0.122,0.15,0.143
96,"127",0.922,1.078,0.158,0.124,0.118,0.137,0.117
96,"127",1.027,1.222,0.133,0.142,0.133,0.186,0.152
96,"127",1.062,1.219,0.125,0.177,0.113,0.213,0.175
96,"127",0.926,1.11,0.104,0.148,0.126,0.152,0.178
96,"127",1.058,1.093,0.118,0.16,0.136,0.143,0.168
96,"127",1.155,1.242,0.118,0.131,0.108,0.171,0.113
96,"127",1.218,1.492,0.15,0.244,0.204,0.196,0.152
96,"127",1.042,1.185,0.184,0.159,0.119,0.134,0.157
96,"127",1.151,1.253,0.137,0.13,0.137,0.162,0.144
96,"127",1.251,1.504,0.164,0.21,0.178,0.139,0.105
96,"127",1.028,1.201,0.173,0.127,0.157,0.171,0.121
96,"127",1.011,1.116,0.122,0.178,0.168,0.169,0.145
96,"127",0.994,1.127,0.136,0.152,0.153,0.12,0.182
96,"127",1.093,1.097,0.149,0.159,0.149,0.176,0.192
96,"127",1.066,1.093,0.15,0.168,0.137,0.223,0.148
96,"127",0.965,1.1,0.128,0.16,0.122,0.15,0.143
96,"127",0.922,1.078,0.158,0.124,0.118,0.137,0.117
96,"127",1.027,1.222,0.133,0.142,0.133,0.186,0.152
96,"127",1.062,1.219,0.125,0.177,0.113,0.213,0.175
96,"127",0.926,1.11,0.104,0.148,0.126,0.152,0.178
96,"127",1.058,1.093,0.118,0.16,0.136,0.143,0.168
96,"127",1.155,1.242,0.118,0.131,0.108,0.171,0.113
96,"127",1.218,1.492,0.15,0.244,0.204,0.196,0.152
96,"127",1.042,1.185,0.184,0.159,0.119,0.134,0.157
96,"127",1.151,1.253,0.137,0.13,0.137,0.162,0.144
96,"127",1.251,1.504,0.164,0.21,0.178,0.139,0.105
96,"127",1.028,1.201,0.173,0.127,0.157,0.171,0.121
96,"49",1.251,1.224,0.149,0.17,0.146,0.159,0.161
96,"49",1.173,1.288,0.135,0.205,0.116,0.172,0.177
96,"49",1.314,1.317,0.154,0.164,0.148,0.138,0.199
96,"49",1.28,1.273,0.12,0.2,0.161,0.249,0.192
96,"49",1.3,1.173,0.148,0.176,0.134,0.177,0.132
96,"49",1.286,1.243,0.154,0.164,0.144,0.174,0.132
96,"49",1.148,1.289,0.144,0.159,0.132,0.138,0.075
96,"49",1.234,1.221,0.114,0.203,0.123,0.217,0.134
96,"49",1.2,1.341,0.121,0.164,0.131,0.205,0.175
96,"49",1.192,1.335,0.184,0.17,0.129,0.215,0.101
96,"49",1.14,1.124,0.13,0.11,0.125,0.142,0.143
96,"49",1.213,1.249,0.11,0.193,0.131,0.158,0.109
96,"49",1.122,1.148,0.101,0.137,0.124,0.186,0.155
96,"49",0.982,1.182,0.131,0.192,0.099,0.17,0.096
96,"49",0.981,0.998,0.11,0.111,0.13,0.119,0.155
96,"49",1.173,1.114,0.103,0.127,0.096,0.156,0.142
96,"49",1.337,1.246,0.101,0.185,0.166,0.141,0.2
96,"49",1.113,1.077,0.157,0.126,0.11,0.161,0.179
96,"49",1.043,0.976,0.093,0.159,0.1,0.127,0.12
96,"49",0.882,0.977,0.07,0.171,0.099,0.12,0.095
96,"49",0.997,1.031,0.101,0.134,0.076,0.162,0.119
96,"49",1.144,1.166,0.115,0.16,0.102,0.188,0.113
96,"49",0.986,0.946,0.111,0.126,0.097,0.155,0.108
96,"49",0.913,0.961,0.082,0.151,0.084,0.139,0.096
96,"49",0.993,0.992,0.111,0.132,0.077,0.106,0.121
96,"49",0.922,0.927,0.106,0.152,0.096,0.132,0.108
96,"49",1.052,1.132,0.109,0.151,0.091,0.145,0.062
96,"49",1.065,1.19,0.082,0.225,0.125,0.193,0.106
96,"49",0.982,0.985,0.099,0.154,0.097,0.126,0.133
96,"49",1.185,1.127,0.163,0.136,0.106,0.16,0.164
96,"29",0.902,1.096,0.137,0.125,0.113,0.148,0.111
96,"29",0.939,0.94,0.145,0.104,0.092,0.104,0.138
96,"29",0.864,1.133,0.122,0.156,0.091,0.149,0.073
96,"29",1.088,1.179,0.131,0.178,0.127,0.149,0.095
96,"29",0.869,0.96,0.113,0.182,0.093,0.131,0.064
96,"29",0.908,1.144,0.174,0.169,0.151,0.184,0.052
96,"29",0.988,1.177,0.167,0.168,0.174,0.143,0.064
96,"29",0.851,1.096,0.11,0.151,0.121,0.132,0.081
96,"29",0.944,1.127,0.146,0.151,0.1,0.196,0.08
96,"29",1.002,1.377,0.177,0.203,0.117,0.128,0.104
96,"29",0.916,1.048,0.126,0.144,0.144,0.127,0.095
96,"29",1.045,1.15,0.131,0.17,0.142,0.168,0.135
96,"29",0.945,1.1,0.167,0.126,0.147,0.142,0.112
96,"29",1.029,1.217,0.154,0.193,0.175,0.118,0.081
96,"29",0.908,1.142,0.17,0.126,0.171,0.175,0.081
96,"29",0.834,0.865,0.119,0.113,0.125,0.153,0.11
96,"29",0.825,0.997,0.105,0.092,0.104,0.115,0.088
96,"29",1.044,1.253,0.152,0.165,0.21,0.168,0.151
96,"29",0.954,1.141,0.161,0.16,0.183,0.142,0.111
96,"29",0.952,0.996,0.135,0.121,0.164,0.146,0.106
96,"29",0.979,0.992,0.088,0.138,0.123,0.107,0.125
96,"29",0.936,1.093,0.109,0.122,0.142,0.145,0.118
96,"29",0.967,1.138,0.148,0.208,0.157,0.155,0.098
96,"29",0.977,1.141,0.17,0.111,0.169,0.127,0.126
96,"29",1.024,1.186,0.149,0.173,0.168,0.177,0.146
96,"29",0.965,1.04,0.113,0.138,0.116,0.109,0.154
96,"29",1.026,1.058,0.166,0.109,0.139,0.164,0.09
96,"29",1.136,1.212,0.214,0.166,0.158,0.14,0.135
96,"29",1.143,1.288,0.194,0.145,0.188,0.137,0.125
96,"29",1.008,1.241,0.204,0.164,0.124,0.166,0.12
96,"48",0.946,1.04,0.087,0.142,0.087,0.133,0.083
96,"48",1.097,1.128,0.101,0.135,0.142,0.083,0.132
96,"48",0.935,1.037,0.1,0.122,0.147,0.154,0.124
96,"48",1.049,1.182,0.105,0.181,0.138,0.169,0.117
96,"48",1.092,1.21,0.14,0.117,0.143,0.1,0.132
96,"48",1.079,1.126,0.097,0.13,0.136,0.144,0.105
96,"48",1.05,1.141,0.128,0.158,0.139,0.125,0.142
96,"48",0.895,1.06,0.117,0.09,0.097,0.105,0.134
96,"48",1.058,1.153,0.131,0.139,0.139,0.134,0.113
96,"48",0.995,1.268,0.145,0.128,0.13,0.101,0.101
96,"48",0.974,0.931,0.124,0.186,0.115,0.109,0.166
96,"48",0.932,0.995,0.168,0.116,0.089,0.094,0.176
96,"48",1.167,1.28,0.155,0.153,0.141,0.132,0.243
96,"48",0.958,1.219,0.17,0.108,0.174,0.091,0.072
96,"48",1.142,1.164,0.096,0.154,0.11,0.135,0.155
96,"48",1.07,1.159,0.134,0.106,0.125,0.14,0.153
96,"48",0.986,1.083,0.161,0.136,0.125,0.155,0.167
96,"48",1.014,1.113,0.151,0.097,0.153,0.118,0.119
96,"48",1.103,1.164,0.204,0.181,0.135,0.104,0.135
96,"48",0.946,0.991,0.152,0.123,0.128,0.109,0.123
96,"48",1.179,1.348,0.098,0.221,0.118,0.168,0.125
96,"48",0.935,1.007,0.101,0.126,0.131,0.107,0.102
96,"48",1.227,1.412,0.102,0.24,0.175,0.217,0.134
96,"48",0.888,0.963,0.141,0.081,0.122,0.115,0.089
96,"48",0.96,1.001,0.101,0.095,0.073,0.106,0.13
96,"48",0.942,1.105,0.134,0.141,0.16,0.108,0.124
96,"48",0.966,1.026,0.145,0.109,0.121,0.122,0.12
96,"48",0.782,0.89,0.108,0.117,0.098,0.12,0.097
112,"25",1.072,1.127,0.13,0.147,0.101,0.164,0.099
112,"25",1.064,1.042,0.11,0.178,0.11,0.142,0.1
112,"25",1.101,1.095,0.133,0.127,0.176,0.162,0.126
112,"25",1.008,1.062,0.115,0.136,0.148,0.119,0.121
112,"25",1.125,1.229,0.113,0.111,0.15,0.185,0.119
112,"25",1.001,0.953,0.131,0.154,0.087,0.163,0.126
112,"25",1.28,1.279,0.167,0.165,0.144,0.178,0.141
112,"25",1.313,1.277,0.146,0.163,0.159,0.184,0.151
112,"25",1.298,1.384,0.115,0.176,0.176,0.196,0.1
112,"25",0.989,1.16,0.12,0.167,0.127,0.165,0.111
112,"25",1.125,1.115,0.129,0.144,0.125,0.154,0.166
112,"25",1.059,1.284,0.161,0.149,0.132,0.139,0.103
112,"25",1.083,1.04,0.119,0.145,0.142,0.125,0.081
112,"25",1.023,1.09,0.077,0.131,0.139,0.129,0.093
112,"25",1.097,1.163,0.106,0.151,0.147,0.157,0.087
112,"25",1.151,1.048,0.132,0.119,0.091,0.128,0.133
112,"25",1.135,1.099,0.117,0.141,0.116,0.163,0.142
112,"25",0.792,0.916,0.09,0.093,0.085,0.133,0.065
112,"25",1.152,1.372,0.159,0.161,0.127,0.198,0.113
112,"25",1.137,1.288,0.155,0.188,0.16,0.149,0.156
112,"1",1.128,0.99,0.108,0.149,0.107,0.115,0.127
112,"1",1.06,0.743,0.069,0.183,0.074,0.122,0.121
112,"1",1.204,1.008,0.065,0.157,0.063,0.179,0.151
112,"1",1.175,0.993,0.089,0.151,0.077,0.148,0.134
112,"1",1.25,1.012,0.108,0.116,0.069,0.098,0.125
112,"1",1.27,1.144,0.087,0.16,0.057,0.145,0.146
112,"1",1.269,1.173,0.118,0.118,0.118,0.119,0.11
112,"1",1.066,1.029,0.072,0.148,0.096,0.148,0.105
112,"1",0.965,0.964,0.082,0.113,0.093,0.15,0.132
112,"1",1.391,1.315,0.047,0.184,0.073,0.203,0.153
112,"1",1.114,1.37,0.073,0.178,0.062,0.126,0.119
112,"1",0.994,0.838,0.061,0.132,0.066,0.149,0.113
112,"1",1.038,0.95,0.061,0.125,0.081,0.126,0.093
112,"1",0.907,0.847,0.043,0.138,0.068,0.109,0.129
112,"1",0.837,0.868,0.064,0.146,0.065,0.12,0.115
112,"1",1.3,1.117,0.08,0.116,0.039,0.152,0.119
112,"1",1.022,1.111,0.059,0.15,0.092,0.164,0.15
112,"1",1.161,1.336,0.064,0.18,0.065,0.207,0.149
112,"1",0.88,0.919,0.05,0.149,0.092,0.111,0.124
112,"1",1.243,1.208,0.06,0.175,0.063,0.178,0.14
112,"1",1.341,1.209,0.077,0.149,0.11,0.128,0.159
112,"1",1.039,0.921,0.053,0.14,0.073,0.151,0.123
112,"1",1.229,1.168,0.087,0.169,0.05,0.155,0.128
112,"1",1.107,0.994,0.12,0.108,0.105,0.102,0.118
112,"1",1.097,1.032,0.042,0.148,0.091,0.144,0.109
112,"1",1.002,1.046,0.078,0.145,0.091,0.167,0.078
112,"1",0.981,1.024,0.052,0.145,0.049,0.18,0.094
112,"1",1.069,1.138,0.085,0.172,0.102,0.162,0.106
112,"1",1.181,1.059,0.069,0.175,0.075,0.179,0.124
112,"1",1.368,1.201,0.092,0.208,0.082,0.193,0.17
112,"7",1.224,1.119,0.123,0.147,0.084,0.176,0.159
112,"7",1.184,1.341,0.215,0.153,0.183,0.171,0.147
112,"7",1.447,1.502,0.175,0.142,0.175,0.188,0.217
112,"7",1.328,1.546,0.164,0.15,0.175,0.138,0.159
112,"7",1.056,0.941,0.13,0.154,0.098,0.145,0.117
112,"7",1.291,1.371,0.186,0.092,0.132,0.118,0.168
112,"7",1.196,1.377,0.169,0.136,0.166,0.116,0.18
112,"7",1.178,1.445,0.177,0.133,0.134,0.177,0.196
112,"10",1.121,1.328,0.117,0.149,0.086,0.188,0.159
112,"10",0.949,0.867,0.066,0.112,0.077,0.143,0.096
112,"10",1.106,0.91,0.092,0.149,0.11,0.143,0.095
112,"10",0.973,0.807,0.064,0.124,0.079,0.133,0.092
112,"10",0.884,0.859,0.075,0.161,0.054,0.108,0.092
112,"10",1.301,1.066,0.075,0.149,0.079,0.13,0.113
112,"10",1.102,1.082,0.069,0.156,0.075,0.177,0.089
112,"10",1.163,1.371,0.132,0.169,0.118,0.177,0.144
112,"10",0.941,0.899,0.059,0.129,0.085,0.107,0.104
112,"10",1.275,1.16,0.057,0.166,0.064,0.178,0.151
112,"18",1.708,1.534,0.192,0.21,0.148,0.178,0.277
112,"18",1.727,1.847,0.159,0.176,0.176,0.182,0.216
112,"18",1.479,1.614,0.149,0.182,0.205,0.193,0.176
112,"18",1.57,1.58,0.133,0.193,0.167,0.174,0.144
112,"18",1.591,1.504,0.207,0.152,0.106,0.197,0.231
112,"18",1.612,1.803,0.162,0.191,0.142,0.199,0.24
112,"18",1.373,1.517,0.171,0.182,0.121,0.163,0.149
112,"18",1.508,1.568,0.134,0.151,0.12,0.215,0.155
112,"18",1.471,1.529,0.121,0.129,0.101,0.133,0.167
112,"18",1.618,1.513,0.143,0.169,0.135,0.176,0.17
112,"18",1.462,1.38,0.084,0.176,0.142,0.176,0.238
112,"18",1.829,1.862,0.186,0.177,0.111,0.248,0.172
112,"18",1.606,1.596,0.091,0.212,0.101,0.162,0.243
112,"19",1.901,1.446,0.13,0.208,0.108,0.229,0.335
112,"19",1.628,1.304,0.11,0.199,0.105,0.237,0.324
112,"19",1.094,1.097,0.11,0.182,0.111,0.164,0.197
112,"19",0.952,0.96,0.075,0.139,0.084,0.124,0.114
112,"21N",1.158,1.135,0.144,0.188,0.133,0.18,0.088
112,"21N",1.258,1.038,0.132,0.168,0.125,0.119,0.128
112,"21N",1.209,1.023,0.106,0.148,0.131,0.138,0.139
112,"21N",1.23,0.976,0.096,0.153,0.117,0.175,0.098
112,"21N",1.198,1.203,0.127,0.202,0.154,0.216,0.135
112,"21N",1.22,0.987,0.103,0.135,0.15,0.177,0.116
112,"21N",0.879,0.996,0.123,0.115,0.137,0.137,0.112
112,"21N",1.192,1.016,0.116,0.163,0.104,0.195,0.139
112,"21N",1.218,1.226,0.167,0.175,0.181,0.181,0.134
112,"21N",1.071,1.059,0.142,0.241,0.114,0.174,0.144
112,"21N",1.176,1.012,0.138,0.166,0.133,0.184,0.101
112,"21N",1.082,0.97,0.095,0.144,0.134,0.168,0.127
112,"21N",0.841,0.721,0.075,0.112,0.086,0.147,0.115
112,"21N",1.128,1.014,0.098,0.205,0.12,0.132,0.125
112,"21N",1.198,0.899,0.096,0.159,0.123,0.128,0.107
112,"21N",1.206,0.995,0.136,0.151,0.134,0.168,0.127
112,"21N",1.183,1.014,0.105,0.177,0.106,0.203,0.128
112,"21N",1.144,0.926,0.118,0.167,0.118,0.141,0.13
112,"21N",1.182,1.038,0.119,0.135,0.132,0.114,0.115
112,"21N",1.093,0.892,0.137,0.115,0.077,0.131,0.119
112,"21N",1.28,1.092,0.105,0.217,0.133,0.218,0.123
112,"21N",1,1.027,0.131,0.112,0.107,0.176,0.136
112,"21N",1.275,0.886,0.105,0.158,0.091,0.179,0.116
112,"21N",1.113,0.942,0.12,0.151,0.121,0.162,0.114
112,"21N",1.026,0.755,0.102,0.107,0.088,0.13,0.135
112,"21N",1.082,1.029,0.142,0.135,0.1,0.172,0.151
112,"21N",1.149,1.011,0.117,0.191,0.094,0.17,0.097
112,"21N",0.991,0.892,0.107,0.15,0.103,0.121,0.091
112,"21N",1.184,1.149,0.149,0.182,0.132,0.17,0.11
112,"21N",1.11,1.093,0.146,0.141,0.129,0.123,0.121
112,"21M",1.271,1.177,0.121,0.147,0.112,0.196,0.175
112,"21M",1.304,1.412,0.094,0.163,0.158,0.187,0.139
112,"21M",1.008,1.079,0.156,0.124,0.112,0.13,0.14
112,"21M",1.144,1.218,0.106,0.166,0.09,0.123,0.115
112,"21M",1.205,1.051,0.11,0.137,0.101,0.196,0.129
112,"21M",1.287,1.191,0.121,0.143,0.113,0.137,0.162
112,"21M",1.313,1.21,0.086,0.155,0.14,0.15,0.186
112,"21M",1.082,1.288,0.172,0.127,0.124,0.155,0.137
112,"21M",1.186,1.23,0.138,0.173,0.202,0.162,0.121
112,"21M",1.119,0.998,0.074,0.189,0.099,0.174,0.113
112,"21M",1.461,1.245,0.128,0.174,0.128,0.197,0.143
112,"21M",1.408,1.293,0.104,0.295,0.164,0.292,0.113
112,"21M",1.447,1.415,0.154,0.217,0.119,0.185,0.166
112,"21M",1.309,1.231,0.164,0.183,0.136,0.166,0.121
112,"21M",1.311,1.221,0.144,0.21,0.129,0.155,0.159
112,"21M",1.369,1.182,0.107,0.187,0.124,0.205,0.15
112,"21M",1.213,1.354,0.131,0.197,0.141,0.208,0.12
112,"21M",1.158,1.069,0.082,0.256,0.092,0.158,0.146
112,"21M",1.394,1.384,0.176,0.21,0.159,0.215,0.159
112,"21M",1.319,1.313,0.17,0.255,0.147,0.226,0.16
112,"21M",1.145,0.995,0.097,0.164,0.06,0.12,0.094
112,"21M",1.098,0.994,0.148,0.121,0.094,0.13,0.086
112,"21M",1.251,0.982,0.093,0.109,0.088,0.154,0.134
112,"21M",1.208,1.335,0.162,0.258,0.114,0.218,0.094
112,"21M",0.931,1.058,0.156,0.2,0.114,0.124,0.055
112,"21M",0.931,1.034,0.113,0.145,0.087,0.168,0.085
112,"21M",0.972,1.225,0.121,0.173,0.108,0.164,0.092
112,"21M",0.977,1.08,0.105,0.178,0.132,0.224,0.142
112,"21M",0.993,0.953,0.085,0.182,0.113,0.198,0.117
112,"25",1.644,1.172,0.112,0.152,0.134,0.176,0.132
112,"25",1.453,1.247,0.125,0.166,0.113,0.18,0.19
112,"25",1.276,1.109,0.108,0.133,0.083,0.123,0.126
112,"25",1.479,1.339,0.124,0.162,0.146,0.178,0.184
112,"25",1.496,1.125,0.101,0.188,0.122,0.158,0.324
112,"25",1.408,1.359,0.139,0.175,0.178,0.157,0.157
112,"25",1.334,1.238,0.109,0.146,0.135,0.208,0.16
112,"25",1.28,1.246,0.151,0.122,0.13,0.151,0.188
112,"25",1.015,0.959,0.079,0.128,0.076,0.151,0.13
112,"25",1.353,1.265,0.144,0.163,0.134,0.137,0.13
112,"25",1.522,1.362,0.158,0.142,0.103,0.164,0.168
112,"25",1.542,1.262,0.132,0.181,0.095,0.155,0.183
112,"25",1.338,1.053,0.09,0.146,0.089,0.17,0.175
112,"25",1.203,1.16,0.083,0.178,0.112,0.148,0.131
112,"39",1.007,0.98,0.101,0.164,0.132,0.185,0.126
112,"39",1.254,1.394,0.114,0.218,0.114,0.205,0.172
112,"39",1.037,0.935,0.097,0.181,0.103,0.162,0.141
112,"39",1.125,1.239,0.152,0.175,0.138,0.162,0.182
112,"39",1.113,1.244,0.13,0.14,0.139,0.188,0.125
112,"39",1.444,1.455,0.158,0.182,0.113,0.231,0.234
112,"39",1.093,1.038,0.115,0.113,0.119,0.135,0.129
112,"39",1.092,1.037,0.123,0.155,0.108,0.118,0.132
112,"39",1.021,1.272,0.191,0.146,0.157,0.132,0.148
112,"39",1.064,1.076,0.119,0.141,0.136,0.117,0.146
112,"39",1.222,1.251,0.091,0.139,0.133,0.194,0.223
112,"39",1.216,1.249,0.141,0.15,0.091,0.177,0.119
112,"39",1.359,1.38,0.104,0.201,0.169,0.173,0.188
112,"39",1.025,1.09,0.103,0.153,0.127,0.131,0.139
112,"39",1.069,0.981,0.097,0.139,0.107,0.17,0.105
112,"39",1.26,1.248,0.14,0.143,0.133,0.143,0.151
112,"39",1.145,1.151,0.136,0.17,0.087,0.166,0.129
112,"39",1.051,1.078,0.106,0.135,0.126,0.141,0.146
112,"39",0.977,0.893,0.128,0.171,0.102,0.121,0.121
112,"39",0.838,0.898,0.107,0.092,0.099,0.115,0.104
112,"39",1.128,1.112,0.128,0.131,0.11,0.175,0.148
112,"39",0.942,0.957,0.118,0.117,0.123,0.126,0.105
112,"39",0.826,0.898,0.1,0.102,0.111,0.111,0.104
112,"39",1.073,1.039,0.102,0.161,0.037,0.156,0.139
112,"39",0.921,1.097,0.126,0.125,0.123,0.156,0.1
112,"39",1.29,1.185,0.107,0.194,0.107,0.163,0.2
112,"39",1.137,1.161,0.136,0.121,0.12,0.171,0.126
112,"39",1.357,1.489,0.099,0.218,0.138,0.239,0.225
112,"39",1.138,1.279,0.133,0.148,0.126,0.146,0.092
112,"70",1.146,1.125,0.099,0.144,0.095,0.154,0.16
112,"70",1.119,1.063,0.062,0.159,0.093,0.166,0.133
112,"70",0.849,1.098,0.088,0.138,0.103,0.166,0.112
112,"70",1.097,1.068,0.084,0.126,0.093,0.14,0.164
112,"70",1.168,1.234,0.107,0.167,0.105,0.12,0.14
112,"70",0.984,1.193,0.09,0.15,0.107,0.156,0.092
112,"70",1.076,1.135,0.062,0.193,0.073,0.189,0.136
112,"70",1.121,1.245,0.122,0.152,0.123,0.147,0.103
112,"70",1.002,1.028,0.083,0.181,0.093,0.136,0.169
112,"70",1.161,1.102,0.106,0.186,0.096,0.143,0.209
112,"70",0.976,1.126,0.109,0.139,0.09,0.109,0.112
112,"70",0.886,0.948,0.092,0.114,0.073,0.123,0.098
112,"70",0.806,1.045,0.058,0.176,0.084,0.123,0.107
112,"70",0.892,1.055,0.068,0.156,0.079,0.12,0.116
112,"70",1.088,0.934,0.093,0.128,0.083,0.137,0.161
112,"70",1.256,1.314,0.122,0.184,0.093,0.131,0.147
112,"70",1.139,1.165,0.117,0.135,0.114,0.145,0.129
112,"70",0.881,0.968,0.087,0.123,0.113,0.109,0.127
112,"70",1.045,1.075,0.068,0.174,0.089,0.143,0.126
112,"70",1.184,1.002,0.103,0.159,0.071,0.163,0.13
112,"70",0.925,0.975,0.09,0.115,0.073,0.136,0.152
112,"70",1.085,1.036,0.101,0.097,0.067,0.159,0.094
112,"70",1.32,1.12,0.109,0.138,0.097,0.129,0.173
112,"70",0.934,0.862,0.037,0.12,0.066,0.144,0.123
112,"70",1.133,1.133,0.112,0.131,0.08,0.16,0.118
112,"70",1.069,1.045,0.081,0.133,0.09,0.139,0.155
112,"70",1.085,1.023,0.115,0.115,0.063,0.149,0.183
112,"70",1.009,0.934,0.099,0.133,0.086,0.139,0.135
112,"70",1.034,1.075,0.073,0.155,0.09,0.135,0.13
112,"70",1.035,1.02,0.046,0.177,0.064,0.146,0.136
112,"101",1.33,1.345,0.128,0.196,0.076,0.112,0.278
112,"101",1.607,1.327,0.09,0.215,0.116,0.111,0.3
112,"101",1.607,1.327,0.09,0.215,0.116,0.111,0.3
112,"101",1.119,1.395,0.135,0.18,0.104,0.074,0.173
112,"101",1.352,1.316,0.078,0.165,0.092,0.078,0.148
112,"101",1.159,1.349,0.093,0.172,0.087,0.144,0.182
112,"101",1.076,1.25,0.105,0.145,0.069,0.134,0.141
112,"101",1.135,1.292,0.047,0.12,0.079,0.164,0.157
112,"101",1.322,1.262,0.059,0.159,0.06,0.154,0.16
112,"101",1.223,1.25,0.101,0.123,0.069,0.106,0.119
112,"101",1.323,1.262,0.1,0.17,0.113,0.171,0.21
112,"101",1.378,1.243,0.09,0.207,0.129,0.171,0.201
112,"101",1.241,1.337,0.099,0.097,0.141,0.202,0.207
112,"101",1.373,1.282,0.136,0.171,0.123,0.211,0.188
112,"101",1.187,1.023,0.073,0.17,0.099,0.127,0.148
112,"101",1.166,1.42,0.133,0.109,0.122,0.136,0.148
112,"101",1.265,1.532,0.13,0.207,0.137,0.21,0.217
112,"101",1.12,1.135,0.15,0.135,0.155,0.152,0.15
112,"101",1.392,1.361,0.126,0.141,0.17,0.166,0.288
112,"101",1.366,1.331,0.133,0.187,0.118,0.19,0.173
112,"101",1.227,1.222,0.111,0.131,0.171,0.145,0.134
112,"101",1.005,1.094,0.125,0.154,0.098,0.134,0.131
112,"101",1.433,1.162,0.121,0.181,0.121,0.141,0.181
112,"101",1.22,1.137,0.11,0.13,0.08,0.15,0.227
112,"101",1.053,1.019,0.079,0.199,0.132,0.136,0.152
112,"101",1.208,1.178,0.092,0.173,0.098,0.185,0.161
112,"101",1.219,1.207,0.121,0.184,0.06,0.137,0.172
112,"101",1.198,1.078,0.06,0.15,0.08,0.164,0.195
112,"101",1.145,1.121,0.117,0.149,0.134,0.129,0.18
112,"101",1.049,0.937,0.118,0.141,0.074,0.151,0.169
112,"106",1.136,1.043,0.071,0.168,0.069,0.201,0.169
112,"106",1.008,1.1,0.097,0.148,0.054,0.181,0.111
112,"106",1.212,1.05,0.096,0.243,0.067,0.149,0.168
112,"106",0.98,0.922,0.094,0.145,0.074,0.147,0.099
112,"106",0.933,1.1,0.063,0.132,0.092,0.141,0.126
112,"106",0.922,0.902,0.084,0.096,0.046,0.145,0.158
112,"106",0.886,0.974,0.077,0.16,0.051,0.162,0.126
112,"106",0.968,1.144,0.104,0.157,0.107,0.183,0.088
112,"106",1.081,1.135,0.109,0.16,0.122,0.168,0.135
112,"106",0.995,0.96,0.078,0.177,0.079,0.181,0.123
112,"106",1.11,1.05,0.107,0.158,0.099,0.214,0.166
112,"106",1.024,1.001,0.066,0.138,0.094,0.153,0.122
112,"106",1.033,1.083,0.08,0.178,0.063,0.189,0.155
112,"119",1.627,1.371,0.131,0.167,0.146,0.239,0.215
112,"119",1.766,1.368,0.187,0.173,0.152,0.207,0.251
112,"119",1.019,1.434,0.079,0.226,0.08,0.263,0.152
112,"119",1.568,1.373,0.114,0.203,0.122,0.195,0.155
112,"119",1.343,1.343,0.187,0.327,0.142,0.194,0.153
112,"119",1.732,1.522,0.181,0.203,0.179,0.231,0.3
112,"119",1.673,1.552,0.132,0.199,0.175,0.215,0.248
112,"119",1.765,1.552,0.114,0.193,0.164,0.201,0.281
112,"119",1.484,1.357,0.138,0.258,0.137,0.222,0.257
112,"119",1.767,1.455,0.114,0.288,0.152,0.225,0.28
113,"38",1.41,1.6,0.194,0.231,0.208,0.184,0.132
113,"38",1.384,1.315,0.222,0.211,0.189,0.174,0.133
113,"38",1.16,1.239,0.145,0.17,0.154,0.143,0.118
113,"38",1.158,1.268,0.19,0.212,0.147,0.189,0.066
113,"38",1.332,1.397,0.194,0.197,0.164,0.208,0.141
113,"38",1.38,1.487,0.203,0.19,0.19,0.177,0.184
113,"38",1.246,1.288,0.186,0.171,0.193,0.175,0.132
113,"38",1.282,1.556,0.208,0.178,0.142,0.252,0.157
113,"38",1.142,1.4,0.192,0.151,0.181,0.214,0.12
113,"38",1.193,1.301,0.173,0.193,0.186,0.279,0.114
113,"38",1.222,1.282,0.212,0.177,0.151,0.221,0.151
113,"38",1.266,1.224,0.174,0.15,0.18,0.172,0.107
113,"38",1.065,1.101,0.19,0.149,0.117,0.15,0.127
113,"38",1.47,1.377,0.168,0.197,0.209,0.186,0.152
113,"38",1.379,1.232,0.204,0.158,0.186,0.16,0.132
113,"38",1.428,1.474,0.188,0.255,0.236,0.196,0.172
113,"38",1.381,1.337,0.229,0.177,0.182,0.197,0.111
113,"38",1.201,1.325,0.158,0.18,0.164,0.209,0.119
113,"38",1.155,1.14,0.173,0.21,0.156,0.199,0.152
113,"38",1.342,1.37,0.257,0.184,0.188,0.218,0.172
113,"38",1.308,1.419,0.214,0.167,0.152,0.182,0.144
113,"43",1.034,1.427,0.133,0.155,0.13,0.159,0.116
113,"43",0.933,1.147,0.125,0.114,0.106,0.134,0.117
113,"43",0.993,1.29,0.1,0.142,0.139,0.13,0.132
113,"43",1.252,1.592,0.14,0.189,0.162,0.129,0.169
113,"43",1.123,1.338,0.147,0.185,0.166,0.162,0.125
113,"43",1.032,1.404,0.148,0.134,0.173,0.178,0.109
113,"43",1.028,1.172,0.148,0.179,0.153,0.157,0.121
113,"43",1.117,1.341,0.134,0.147,0.132,0.167,0.119
113,"43",1.022,1.339,0.152,0.17,0.171,0.166,0.081
113,"43",1.237,1.403,0.171,0.219,0.167,0.175,0.122
113,"43",1.144,1.514,0.151,0.199,0.166,0.132,0.075
113,"43",1.219,1.315,0.161,0.208,0.141,0.169,0.114
113,"43",1.107,1.402,0.177,0.157,0.167,0.151,0.124
113,"43",1.04,1.679,0.2,0.183,0.198,0.157,0.109
113,"43",0.976,1.446,0.164,0.158,0.132,0.152,0.092
113,"43",1.354,1.744,0.198,0.203,0.228,0.147,0.175
113,"43",1.16,1.468,0.199,0.182,0.146,0.103,0.12
113,"43",0.945,1.321,0.13,0.186,0.146,0.125,0.084
113,"43",1.181,1.459,0.185,0.137,0.099,0.214,0.11
113,"43",1.085,1.446,0.199,0.151,0.16,0.191,0.145
113,"70",1.564,1.438,0.16,0.188,0.196,0.218,0.155
113,"70",1.322,1.455,0.146,0.208,0.186,0.218,0.053
113,"70",1.339,1.312,0.159,0.214,0.157,0.215,0.093
113,"70",1.806,1.669,0.197,0.228,0.224,0.207,0.157
113,"70",1.586,1.323,0.135,0.229,0.1,0.155,0.15
113,"70",1.508,1.5,0.172,0.259,0.191,0.179,0.114
113,"70",1.684,1.652,0.129,0.217,0.221,0.254,0.172
113,"70",1.534,1.489,0.205,0.167,0.212,0.182,0.137
113,"70",1.623,1.615,0.163,0.197,0.212,0.153,0.169
113,"70",1.365,1.594,0.196,0.229,0.195,0.261,0.12
113,"70",1.869,1.457,0.119,0.184,0.141,0.22,0.31
113,"70",1.746,1.518,0.15,0.213,0.212,0.189,0.34
113,"70",1.663,1.596,0.198,0.282,0.181,0.231,0.181
113,"70",1.742,1.738,0.244,0.218,0.161,0.192,0.289
113,"70",1.827,1.614,0.217,0.193,0.249,0.178,0.192
113,"70",1.749,1.87,0.182,0.268,0.158,0.219,0.191
113,"70",1.446,1.674,0.274,0.239,0.198,0.254,0.154
113,"70",1.625,1.723,0.224,0.139,0.187,0.239,0.245
113,"70",1.366,1.444,0.125,0.197,0.166,0.212,0.135
113,"70",1.458,1.466,0.159,0.219,0.141,0.231,0.139
113,"70",1.371,1.283,0.156,0.158,0.181,0.195,0.183
113,"70",1.449,1.487,0.174,0.231,0.161,0.213,0.118
113,"70",1.574,1.425,0.206,0.199,0.172,0.189,0.257
113,"70",1.467,1.475,0.165,0.207,0.205,0.232,0.194
113,"70",1.393,1.567,0.169,0.191,0.27,0.177,0.203
113,"32",1.081,1.017,0.171,0.135,0.172,0.169,0.177
113,"32",1.147,1.023,0.142,0.175,0.144,0.158,0.158
113,"32",1.239,1.15,0.161,0.18,0.144,0.163,0.187
113,"32",1.133,1.048,0.142,0.153,0.139,0.154,0.181
113,"32",1.062,0.941,0.155,0.18,0.135,0.148,0.142
113,"32",1.122,1.069,0.124,0.17,0.145,0.166,0.191
113,"32",1.035,1.104,0.131,0.145,0.141,0.195,0.106
113,"32",1.1,1.078,0.137,0.138,0.166,0.159,0.162
113,"32",1.063,0.998,0.13,0.097,0.158,0.135,0.137
113,"32",0.986,0.929,0.134,0.178,0.129,0.142,0.174
113,"32",0.963,0.929,0.126,0.12,0.136,0.136,0.167
113,"32",1.059,1.042,0.147,0.125,0.118,0.142,0.14
113,"32",1.133,1.085,0.14,0.188,0.163,0.128,0.142
113,"32",1.119,1.079,0.159,0.135,0.093,0.113,0.198
113,"32",1.208,1.133,0.147,0.19,0.145,0.2,0.222
113,"32",1.103,1.03,0.139,0.193,0.124,0.204,0.212
113,"32",1.052,1.048,0.131,0.169,0.159,0.15,0.195
113,"32",1.023,0.98,0.139,0.134,0.127,0.121,0.123
113,"32",1.19,1.079,0.131,0.167,0.157,0.188,0.198
113,"32",1.089,1.052,0.146,0.166,0.119,0.153,0.18
113,"32",1.14,1.114,0.122,0.199,0.184,0.127,0.173
113,"32",1.057,1.092,0.163,0.169,0.152,0.17,0.168
113,"32",1.08,1.02,0.153,0.157,0.159,0.18,0.13
113,"32",1.091,1.091,0.164,0.133,0.167,0.174,0.148
113,"32",1.168,1.025,0.13,0.178,0.126,0.135,0.159
113,"32",1.154,1.061,0.137,0.185,0.146,0.192,0.185
113,"32",1.085,0.964,0.132,0.164,0.141,0.189,0.168
113,"32",1.208,1.029,0.152,0.141,0.121,0.151,0.168
113,"32",1.064,0.916,0.134,0.114,0.105,0.143,0.169
113,"32",1.168,1.095,0.159,0.168,0.136,0.151,0.143
113,"50",1.026,0.977,0.084,0.153,0.111,0.15,0.133
113,"50",0.983,0.87,0.102,0.129,0.108,0.133,0.126
113,"50",1.082,0.953,0.109,0.101,0.115,0.104,0.134
113,"50",0.974,0.945,0.102,0.124,0.105,0.123,0.125
113,"50",0.939,0.953,0.106,0.121,0.097,0.14,0.171
113,"50",1.07,0.916,0.063,0.163,0.125,0.12,0.175
113,"50",1.067,0.94,0.128,0.11,0.136,0.126,0.165
113,"50",0.976,0.921,0.11,0.109,0.123,0.123,0.153
113,"50",1.081,1.038,0.117,0.18,0.135,0.117,0.152
113,"50",1.052,0.992,0.132,0.16,0.143,0.151,0.145
113,"55",1.127,1.372,0.099,0.178,0.128,0.147,0.17
113,"55",1.079,1.027,0.083,0.147,0.085,0.148,0.146
113,"55",1.377,1.288,0.092,0.201,0.096,0.186,0.199
113,"55",0.975,0.964,0.067,0.139,0.077,0.102,0.132
113,"55",1.107,1.028,0.107,0.146,0.095,0.111,0.152
113,"55",1.126,0.97,0.047,0.15,0.103,0.122,0.236
113,"55",1.145,1.013,0.096,0.14,0.123,0.137,0.254
113,"55",1.048,0.965,0.066,0.167,0.077,0.138,0.138
113,"55",1.186,1.033,0.079,0.141,0.102,0.16,0.226
113,"55",1.21,1.037,0.084,0.148,0.109,0.122,0.176
113,"55",1.129,1.156,0.093,0.168,0.093,0.136,0.117
113,"55",1.374,1.202,0.102,0.124,0.096,0.153,0.211
113,"55",1.239,0.983,0.071,0.114,0.07,0.154,0.179
113,"55",1.188,1.071,0.071,0.16,0.066,0.143,0.187
113,"55",1.167,0.915,0.068,0.145,0.095,0.139,0.16
113,"55",1.138,1.089,0.077,0.159,0.101,0.148,0.154
113,"55",1.226,1.093,0.083,0.146,0.098,0.125,0.166
113,"55",0.989,1.155,0.07,0.134,0.087,0.133,0.144
113,"55",1.095,0.992,0.086,0.164,0.064,0.191,0.186
113,"55",1.032,1.013,0.065,0.167,0.086,0.154,0.167
113,"55",1.054,0.952,0.134,0.099,0.053,0.16,0.119
113,"55",1.37,1.192,0.077,0.201,0.08,0.158,0.268
113,"55",1.146,1.015,0.063,0.161,0.07,0.161,0.187
113,"55",1.284,1.198,0.068,0.167,0.074,0.173,0.157
113,"55",1.139,1.192,0.085,0.228,0.093,0.156,0.17
113,"55",0.933,1.016,0.07,0.157,0.068,0.106,0.113
113,"55",1.087,0.934,0.071,0.145,0.076,0.126,0.162
113,"55",1.087,1.047,0.078,0.157,0.049,0.145,0.185
113,"55",1.173,0.998,0.103,0.124,0.077,0.151,0.165
113,"55",1.129,1.128,0.123,0.166,0.068,0.173,0.234
113,"59A",1.119,1.102,0.166,0.112,0.106,0.161,0.235
113,"59A",1.251,1.276,0.114,0.173,0.127,0.148,0.231
113,"59A",1.248,1.231,0.143,0.132,0.142,0.129,0.25
113,"59A",1.217,1.206,0.115,0.169,0.129,0.176,0.172
113,"59A",1.234,1.298,0.177,0.133,0.152,0.164,0.164
113,"59A",1.064,1.027,0.085,0.116,0.129,0.136,0.172
113,"77",1.242,1.345,0.153,0.141,0.148,0.194,0.143
113,"77",1.433,1.261,0.159,0.142,0.159,0.17,0.202
113,"77",1.389,1.357,0.155,0.1,0.136,0.146,0.136
113,"77",1.382,1.295,0.164,0.188,0.147,0.173,0.147
113,"77",1.214,1.123,0.143,0.16,0.135,0.151,0.118
113,"77",1.251,1.209,0.156,0.126,0.131,0.177,0.138
113,"77",1.648,1.569,0.198,0.196,0.185,0.215,0.223
113,"77",1.478,1.446,0.19,0.156,0.16,0.177,0.199
113,"77",1.383,1.284,0.161,0.178,0.159,0.139,0.181
113,"77",1.58,1.482,0.14,0.192,0.167,0.214,0.338
113,"77",1.176,1.095,0.119,0.157,0.107,0.13,0.166
113,"77",1.163,1.111,0.161,0.113,0.113,0.139,0.182
113,"77",1.211,1.036,0.127,0.151,0.101,0.153,0.171
113,"77",1.306,1.15,0.146,0.124,0.136,0.159,0.136
113,"77",1.26,1.137,0.139,0.149,0.131,0.157,0.183
113,"77",1.058,1.119,0.127,0.136,0.114,0.148,0.182
113,"77",0.972,0.995,0.116,0.143,0.104,0.147,0.114
113,"77",1.142,0.981,0.139,0.148,0.111,0.14,0.143
113,"77",1,0.929,0.091,0.126,0.107,0.114,0.118
113,"77",0.764,0.893,0.091,0.143,0.096,0.145,0.084
113,"77",1.263,1.32,0.13,0.155,0.124,0.156,0.168
113,"77",1.188,1.368,0.17,0.192,0.127,0.213,0.174
113,"77",1.302,1.363,0.144,0.131,0.121,0.172,0.178
113,"77",1.109,1.081,0.099,0.101,0.119,0.123,0.087
113,"77",1.405,1.221,0.134,0.195,0.112,0.141,0.174
113,"77",1.305,1.336,0.112,0.138,0.127,0.149,0.181
113,"77",1.468,1.473,0.172,0.214,0.134,0.203,0.17
113,"77",1.264,1.257,0.158,0.163,0.131,0.19,0.175
113,"77",1.299,1.363,0.219,0.2,0.162,0.184,0.205
113,"77",1.297,1.378,0.185,0.175,0.134,0.185,0.17
113,"312R",1.016,0.929,0.068,0.149,0.095,0.177,0.144
113,"312R",1.084,1.051,0.106,0.146,0.139,0.146,0.126
113,"312R",1.076,1.064,0.128,0.121,0.133,0.133,0.175
113,"312R",0.986,0.922,0.13,0.13,0.115,0.109,0.133
113,"312R",1.089,0.979,0.137,0.145,0.11,0.124,0.162
113,"312R",1.059,0.922,0.091,0.126,0.142,0.114,0.172
113,"312R",1.065,1.014,0.109,0.13,0.125,0.159,0.151
113,"312R",1.109,0.955,0.081,0.108,0.126,0.113,0.152
113,"312R",1.181,1.021,0.114,0.146,0.156,0.124,0.159
113,"312R",0.869,0.942,0.112,0.162,0.116,0.113,0.14
113,"312R",1.221,0.921,0.047,0.118,0.076,0.152,0.163
113,"312R",1.024,0.992,0.086,0.135,0.116,0.139,0.142
113,"312R",1.156,1.024,0.096,0.135,0.084,0.131,0.123
113,"312R",1.208,1.066,0.111,0.221,0.079,0.153,0.169
113,"312R",1.116,1.049,0.108,0.126,0.12,0.131,0.188
113,"312R",1.144,1.005,0.13,0.147,0.134,0.137,0.186
113,"312R",1.078,0.957,0.104,0.14,0.115,0.102,0.115
113,"312R",1.09,0.978,0.112,0.136,0.137,0.136,0.126
113,"312R",1.189,1.022,0.109,0.134,0.128,0.136,0.157
113,"312R",1.011,0.966,0.092,0.15,0.112,0.131,0.15
119,"13",1.437,1.303,0.215,0.111,0.196,0.15,0.159
119,"13",1.424,1.329,0.178,0.144,0.188,0.157,0.153
119,"13",1.458,1.329,0.19,0.228,0.187,0.252,0.178
119,"13",1.409,1.333,0.206,0.169,0.182,0.109,0.114
119,"13",1.407,1.274,0.227,0.18,0.183,0.18,0.218
119,"13",1.395,1.309,0.161,0.216,0.211,0.162,0.198
119,"13",1.37,1.227,0.176,0.176,0.164,0.126,0.197
119,"13",1.411,1.28,0.166,0.159,0.177,0.118,0.161
119,"13",1.364,1.31,0.186,0.166,0.182,0.133,0.143
119,"13",1.37,1.244,0.188,0.211,0.178,0.172,0.139
119,"13",1.202,1.208,0.121,0.173,0.14,0.182,0.188
119,"13",1.279,1.242,0.171,0.145,0.175,0.205,0.218
119,"13",1.324,1.11,0.18,0.147,0.16,0.156,0.134
119,"13",1.225,1.237,0.165,0.153,0.138,0.16,0.12
119,"13",1.322,1.301,0.197,0.117,0.188,0.213,0.219
119,"13",1.437,1.303,0.215,0.111,0.196,0.15,0.159
119,"13",1.424,1.329,0.178,0.144,0.188,0.157,0.153
119,"13",1.458,1.329,0.19,0.228,0.187,0.252,0.178
119,"13",1.409,1.333,0.206,0.169,0.182,0.109,0.114
158,"1",0.976,1.052,0.135,0.116,0.11,0.141,0.116
158,"1",0.952,1.014,0.128,0.101,0.093,0.125,0.169
158,"1",0.856,0.976,0.095,0.13,0.097,0.092,0.13
158,"1",0.934,0.944,0.135,0.1,0.096,0.104,0.135
158,"2",1.271,1.152,0.146,0.14,0.101,0.109,0.138
158,"2",1.278,1.118,0.102,0.083,0.089,0.116,0.089
158,"2",1.009,1.087,0.11,0.167,0.099,0.116,0.102
158,"2",1.049,1.064,0.09,0.142,0.109,0.196,0.128
158,"2",1.106,1.016,0.103,0.152,0.092,0.198,0.116
158,"2",1.136,1.018,0.106,0.075,0.099,0.094,0.114
158,"2",1.132,0.984,0.096,0.138,0.126,0.125,0.104
158,"2",1.185,0.959,0.122,0.143,0.108,0.13,0.133
158,"2",1.022,1.032,0.121,0.119,0.094,0.133,0.147
158,"2",1.122,1.054,0.083,0.092,0.095,0.167,0.107
158,"2",1.031,0.971,0.127,0.146,0.089,0.129,0.06
158,"2",1.351,0.828,0.08,0.09,0.102,0.059,0.091
158,"2",0.951,1.044,0.124,0.181,0.123,0.15,0.069
158,"2",1.278,1.113,0.104,0.091,0.09,0.146,0.151
158,"2",1.202,0.998,0.098,0.15,0.093,0.157,0.079
158,"2",1.236,1.01,0.115,0.172,0.113,0.076,0.138
158,"2",1.086,0.963,0.128,0.143,0.109,0.112,0.08
158,"2",1.145,0.97,0.113,0.216,0.095,0.11,0.143
158,"2",1.116,0.904,0.103,0.107,0.079,0.102,0.118
158,"7A",1.539,1.308,0.157,0.19,0.139,0.169,0.175
158,"7A",1.552,1.267,0.166,0.143,0.109,0.175,0.182
158,"7A",1.421,1.43,0.132,0.219,0.139,0.213,0.171
158,"7A",1.23,1.297,0.114,0.197,0.119,0.127,0.145
158,"7A",1.272,1.305,0.133,0.144,0.108,0.124,0.122
158,"7A",1.492,1.289,0.102,0.15,0.113,0.18,0.194
158,"7A",1.564,1.282,0.143,0.164,0.087,0.226,0.191
158,"7A",1.368,1.361,0.107,0.126,0.121,0.223,0.223
158,"7A",1.301,1.461,0.175,0.182,0.103,0.214,0.163
158,"7A",1.317,1.437,0.146,0.242,0.122,0.183,0.146
158,"7A",1.352,1.396,0.098,0.166,0.131,0.148,0.27
158,"7A",1.507,1.313,0.151,0.18,0.112,0.196,0.19
158,"7A",1.495,1.239,0.133,0.17,0.086,0.195,0.192
158,"7A",1.362,1.404,0.146,0.158,0.124,0.195,0.163
158,"7A",1.418,1.421,0.157,0.184,0.141,0.19,0.245
158,"7A",1.241,1.254,0.113,0.156,0.119,0.138,0.12
158,"7A",1.396,1.504,0.12,0.147,0.118,0.162,0.16
158,"7A",1.414,1.497,0.123,0.145,0.12,0.199,0.205
158,"7A",1.618,1.373,0.151,0.203,0.122,0.165,0.142
158,"7A",1.429,1.282,0.155,0.184,0.151,0.212,0.199
158,"7A",1.501,1.271,0.152,0.177,0.117,0.207,0.208
158,"7A",1.324,1.377,0.137,0.195,0.127,0.188,0.144
158,"7A",1.251,1.381,0.138,0.132,0.147,0.128,0.135
158,"7A",1.381,1.164,0.137,0.165,0.135,0.195,0.204
158,"7A",1.391,1.148,0.13,0.182,0.108,0.187,0.178
158,"7A",1.359,1.15,0.11,0.187,0.093,0.115,0.216
158,"43",1.041,1.286,0.194,0.17,0.134,0.14,0.171
158,"43",1.104,1.265,0.172,0.114,0.17,0.098,0.186
158,"43",1.183,1.402,0.144,0.143,0.149,0.115,0.139
158,"43",1.135,1.399,0.147,0.12,0.128,0.141,0.146
158,"43",0.951,1.312,0.133,0.131,0.13,0.127,0.224
158,"43",0.892,1.318,0.142,0.103,0.119,0.13,0.158
158,"43",1.122,1.299,0.111,0.149,0.112,0.134,0.206
158,"43",1.054,1.295,0.126,0.13,0.146,0.145,0.172
158,"43",1.015,1.151,0.146,0.138,0.115,0.14,0.186
158,"43",0.956,1.162,0.164,0.113,0.157,0.109,0.178
158,"43",0.958,1.054,0.132,0.176,0.114,0.108,0.15
158,"43",0.967,1.055,0.124,0.118,0.134,0.122,0.214
158,"43",1.08,1.216,0.201,0.112,0.118,0.118,0.127
158,"43",1.07,1.195,0.172,0.157,0.162,0.132,0.115
158,"43",0.956,0.963,0.132,0.155,0.091,0.124,0.166
158,"43",0.956,0.943,0.157,0.154,0.124,0.102,0.206
158,"43",1.105,1.371,0.177,0.14,0.152,0.138,0.191
158,"43",1.094,1.367,0.139,0.116,0.148,0.112,0.229
158,"43",1.038,1.224,0.139,0.102,0.126,0.126,0.11
158,"43",1.089,1.219,0.183,0.098,0.137,0.121,0.175
158,"43",1.248,1.422,0.166,0.139,0.146,0.139,0.179
158,"43",1.173,1.415,0.177,0.141,0.164,0.126,0.169
158,"43",1.065,1.138,0.13,0.091,0.132,0.117,0.143
158,"53",0.859,1.172,0.121,0.149,0.136,0.119,0.13
158,"53",0.75,1.171,0.13,0.139,0.134,0.122,0.116
158,"53",0.729,1.055,0.121,0.121,0.12,0.098,0.134
158,"53",0.778,1.076,0.144,0.107,0.138,0.113,0.106
158,"53",0.786,1.249,0.129,0.107,0.121,0.118,0.134
158,"53",0.78,1.244,0.14,0.103,0.125,0.124,0.134
158,"53",0.859,1.122,0.14,0.122,0.121,0.122,0.144
158,"53",0.803,1.221,0.161,0.138,0.145,0.122,0.118
158,"53",0.862,1.234,0.156,0.119,0.142,0.129,0.133
158,"53",0.763,1.177,0.148,0.13,0.11,0.13,0.122
158,"53",0.689,1.181,0.124,0.118,0.126,0.145,0.145
158,"53",0.698,0.956,0.141,0.115,0.113,0.12,0.09
158,"53",0.973,1.196,0.135,0.101,0.126,0.151,0.126
158,"53",0.881,1.17,0.117,0.109,0.119,0.123,0.123
158,"53",0.754,0.977,0.151,0.122,0.092,0.134,0.081
158,"53",0.78,1.012,0.134,0.091,0.112,0.125,0.108
158,"53",0.814,1.103,0.161,0.132,0.126,0.118,0.136
158,"53",0.856,1.098,0.14,0.145,0.132,0.131,0.123
158,"53",0.613,1.077,0.14,0.121,0.104,0.151,0.114
158,"53",0.83,1.281,0.141,0.134,0.11,0.138,0.15
158,"53",0.816,1.276,0.136,0.134,0.138,0.107,0.142
172,"5B",1.133,1.005,0.091,0.167,0.095,0.141,0.142
172,"5B",1.321,1.364,0.128,0.182,0.143,0.167,0.097
172,"5B",1.353,1.221,0.113,0.206,0.122,0.191,0.237
172,"5B",1.219,1.218,0.149,0.189,0.146,0.104,0.196
172,"5B",1.317,1.331,0.134,0.191,0.164,0.162,0.208
172,"5B",1.282,1.319,0.103,0.168,0.105,0.154,0.168
172,"5B",1.225,1.165,0.132,0.168,0.129,0.156,0.128
172,"5B",1.052,0.983,0.107,0.146,0.115,0.148,0.173
172,"5B",0.907,1.173,0.094,0.082,0.133,0.145,0.081
172,"5B",1.179,1.199,0.126,0.14,0.107,0.218,0.142
172,"5B",1.194,0.994,0.053,0.136,0.098,0.155,0.165
172,"5B",1.322,1.219,0.134,0.182,0.114,0.111,0.201
172,"1",1.062,1.017,0.142,0.152,0.113,0.116,0.114
172,"1",0.869,0.827,0.096,0.125,0.103,0.151,0.126
172,"1",0.953,0.918,0.14,0.126,0.078,0.154,0.082
172,"1",1.019,0.947,0.17,0.115,0.129,0.156,0.135
172,"1",1.027,1.042,0.14,0.149,0.145,0.159,0.137
172,"1",0.95,0.833,0.119,0.115,0.126,0.114,0.118
172,"1",1.03,1.071,0.144,0.122,0.125,0.145,0.125
172,"1",0.957,1.105,0.094,0.15,0.107,0.16,0.101
172,"1",0.95,1.114,0.145,0.158,0.127,0.2,0.065
172,"1",1.171,1.059,0.122,0.235,0.143,0.236,0.14
172,"15B",1.114,0.976,0.109,0.107,0.118,0.136,0.145
172,"15B",1.16,1.187,0.131,0.129,0.119,0.175,0.109
172,"15B",1.226,1.177,0.154,0.219,0.116,0.157,0.145
172,"15B",1.122,1.001,0.099,0.15,0.117,0.149,0.131
172,"15B",0.93,1.014,0.126,0.17,0.089,0.117,0.108
172,"15B",1.126,1.236,0.144,0.148,0.104,0.209,0.118
172,"15B",1.066,1.074,0.101,0.188,0.067,0.195,0.145
172,"15B",1.242,1.248,0.17,0.258,0.094,0.192,0.165
172,"13",1.161,1.026,0.089,0.146,0.097,0.187,0.049
172,"13",1.14,0.884,0.111,0.097,0.109,0.144,0.082
172,"13",1.215,0.965,0.13,0.17,0.064,0.131,0.106
172,"13",1.111,0.971,0.131,0.133,0.105,0.155,0.059
172,"13",1.044,0.857,0.091,0.244,0.117,0.096,0.105
172,"13",1.302,0.95,0.077,0.109,0.141,0.136,0.171
172,"13",1.106,0.93,0.081,0.134,0.155,0.142,0.16
172,"13",1.254,0.989,0.114,0.203,0.128,0.176,0.181
172,"13",1,0.903,0.09,0.143,0.095,0.107,0.183
172,"13",1.054,0.969,0.107,0.144,0.089,0.112,0.131
172,"13",1.257,0.974,0.12,0.213,0.115,0.173,0.208
172,"13",0.949,0.885,0.1,0.123,0.056,0.15,0.106
172,"13",1.212,0.964,0.084,0.201,0.101,0.12,0.144
172,"13",0.981,0.888,0.058,0.155,0.098,0.108,0.181
172,"13",1.15,1,0.112,0.149,0.089,0.134,0.145
172,"13",0.964,0.846,0.103,0.113,0.076,0.13,0.159
172,"13",1.216,0.986,0.128,0.151,0.08,0.103,0.177
172,"13",1.112,0.889,0.09,0.145,0.119,0.114,0.151
172,"13",1.075,0.957,0.109,0.127,0.095,0.108,0.11
172,"13",1.208,1.062,0.094,0.155,0.14,0.135,0.223
172,"13",1.216,0.967,0.104,0.18,0.102,0.158,0.18
172,"13",1.157,0.929,0.095,0.153,0.103,0.116,0.199
172,"20",0.832,1.048,0.134,0.111,0.122,0.088,0.095
172,"20",0.814,1.015,0.123,0.088,0.081,0.084,0.13
172,"20",0.674,0.925,0.138,0.144,0.089,0.107,0.088
172,"20",0.688,0.921,0.076,0.113,0.1,0.119,0.082
172,"20",0.699,0.958,0.085,0.088,0.102,0.068,0.092
172,"20",0.659,0.958,0.138,0.122,0.105,0.115,0.087
172,"20",0.745,1.058,0.11,0.153,0.092,0.153,0.089
172,"20",0.762,1.047,0.107,0.13,0.075,0.12,0.095
172,"20",0.679,0.795,0.149,0.13,0.121,0.12,0.109
172,"20",0.641,0.676,0.094,0.095,0.093,0.124,0.071
172,"20",0.757,0.931,0.099,0.103,0.102,0.114,0.145
172,"20",0.825,0.946,0.141,0.089,0.107,0.121,0.114
172,"20",0.721,0.833,0.101,0.098,0.102,0.093,0.119
172,"20",0.763,0.891,0.094,0.075,0.098,0.096,0.115
172,"20",0.673,0.945,0.112,0.085,0.132,0.1,0.157
172,"20",0.648,0.92,0.14,0.111,0.131,0.098,0.098
172,"20",0.695,0.967,0.121,0.102,0.128,0.108,0.126
172,"20",0.56,0.962,0.105,0.15,0.096,0.158,0.064
172,"20",0.594,0.859,0.126,0.108,0.106,0.11,0.121
172,"20",0.604,0.847,0.095,0.123,0.119,0.118,0.118
172,"20",0.665,0.757,0.127,0.129,0.11,0.127,0.085
172,"20",0.659,0.74,0.094,0.088,0.064,0.123,0.079
172,"20",0.745,0.92,0.145,0.114,0.115,0.114,0.141
172,"20",0.748,0.843,0.105,0.122,0.108,0.117,0.119
172,"9",1.216,1.017,0.084,0.133,0.081,0.12,0.186
172,"9",1.268,1.054,0.084,0.175,0.115,0.124,0.234
172,"9",1.219,1.161,0.092,0.156,0.097,0.137,0.228
172,"9",1.207,1.066,0.074,0.171,0.108,0.1,0.27
172,"9",1.201,0.959,0.113,0.115,0.083,0.165,0.176
172,"9",0.876,0.791,0.076,0.12,0.06,0.127,0.127
172,"9",1.169,0.904,0.085,0.153,0.087,0.147,0.194
172,"9",1.197,1.075,0.113,0.193,0.11,0.117,0.218
172,"31",0.9,0.718,0.053,0.086,0.077,0.096,0.144
172,"31",0.892,0.812,0.084,0.143,0.123,0.073,0.123
172,"31",0.866,0.747,0.057,0.09,0.081,0.076,0.15
172,"31",0.95,0.752,0.076,0.087,0.065,0.09,0.114
172,"31",0.886,0.806,0.081,0.085,0.081,0.119,0.104
172,"31",0.895,0.799,0.062,0.107,0.082,0.122,0.146
172,"31",0.95,0.811,0.03,0.039,0.056,0.074,0.118
172,"31",0.906,0.839,0.078,0.074,0.084,0.078,0.121
172,"31",0.889,0.837,0.078,0.061,0.083,0.077,0.137
172,"31",0.959,0.75,0.079,0.114,0.078,0.094,0.108
172,"31",0.931,0.764,0.07,0.103,0.092,0.108,0.148
172,"31",0.9,0.718,0.053,0.086,0.077,0.096,0.144
172,"31",0.892,0.812,0.084,0.143,0.123,0.073,0.123
172,"31",0.866,0.747,0.057,0.09,0.081,0.076,0.15
172,"31",0.95,0.752,0.076,0.087,0.065,0.09,0.114
172,"31",0.886,0.806,0.081,0.085,0.081,0.119,0.104
172,"31",0.895,0.799,0.062,0.107,0.082,0.122,0.146
172,"31",0.95,0.811,0.03,0.039,0.056,0.074,0.118
172,"31",0.906,0.839,0.078,0.074,0.084,0.078,0.121
172,"31",0.889,0.837,0.078,0.061,0.083,0.077,0.137
172,"31",0.959,0.75,0.079,0.114,0.078,0.094,0.108
172,"31",0.931,0.764,0.07,0.103,0.092,0.108,0.148
172,"31",0.958,0.938,0.082,0.094,0.111,0.101,0.112
172,"31",0.954,0.826,0.073,0.135,0.081,0.113,0.108
172,"31",0.928,0.769,0.09,0.101,0.062,0.08,0.107
172,"31",0.959,0.895,0.083,0.116,0.081,0.055,0.132
172,"31",0.909,0.737,0.061,0.13,0.06,0.086,0.107
172,"31",0.953,0.87,0.109,0.114,0.093,0.105,0.146
172,"31",0.958,0.798,0.07,0.139,0.071,0.112,0.163
172,"31",0.917,0.872,0.12,0.14,0.088,0.095,0.14
172,"31",1.012,0.815,0.09,0.099,0.098,0.108,0.201
172,"31",0.941,0.841,0.094,0.159,0.088,0.132,0.127
172,"31",0.916,0.846,0.062,0.129,0.075,0.105,0.111
172,"31",0.949,0.902,0.118,0.093,0.095,0.095,0.162
172,"31",0.959,0.879,0.092,0.13,0.084,0.116,0.145
NA,"39",1.218,1.056,0.081,0.162,0.102,0.197,0.177
